   0.49969
   1.49844
   2.49593
   3.49217
   4.48716
   5.48092
   6.47362
   7.46599
   8.46051
   9.46366
  10.48817
  11.55265
  12.67711
  13.87741
  15.16275
  16.53663
  17.99921
  19.54901
  21.18396
  22.90180
  24.70023
  26.57700
  28.52984
  30.55654
  32.65487
  34.82257
  37.05741
  39.35707
  41.71925
  44.14158
  46.62166
  49.15707
  51.74531
  54.38389
  57.07023
  59.80174
  62.57580
  65.38974
  68.24085
  71.12640
  74.04364
  76.98976
  79.96196
  82.95739
  85.97321
  89.00652
  92.05444
  95.11406
  98.18247
 101.25674
 104.33394
 107.41113
 110.48540
 113.55381
 116.61343
 119.66135
 122.69466
 125.71047
 128.70591
 131.67811
 134.62424
 137.54148
 140.42705
 143.27818
 146.09215
 148.86625
 151.59783
 154.28424
 156.92291
 159.51129
 162.04686
 164.52716
 166.94976
 169.31228
 171.61238
 173.84777
 176.01618
 178.11540
 180.14323
 182.09752
 183.97611
 185.77685
 187.49758
 189.13607
 190.69003
 192.15697
 193.53419
 194.81854
 196.00616
 197.09201
 198.06783
 198.93117
 199.57229
 200.41336
 200.50798
 202.12088
 202.12170
 204.48021
 204.48021
 207.84575
 207.84575
