   0.00000264  -0.00001318   0.00005271  -0.00017876   0.00052994  -0.00139926   0.00333082  -0.00720514   0.01423489  -0.02575427
   0.00000432  -0.00002118   0.00008298  -0.00027529   0.00079747  -0.00205500   0.00476712  -0.01003178   0.01923956  -0.03370100
   0.00000702  -0.00003370   0.00012922  -0.00041912   0.00118568  -0.00297977   0.00673044  -0.01376393   0.02559188  -0.04332942
   0.00001129  -0.00005306   0.00019903  -0.00063081   0.00174159  -0.00426520   0.00937161  -0.01860352   0.03348680  -0.05469816
   0.00001797  -0.00008268   0.00030320  -0.00093849   0.00252695  -0.00602573   0.01286650  -0.02476163   0.04308029  -0.06774318
   0.00002833  -0.00012749   0.00045685  -0.00138009   0.00362133  -0.00840062   0.01741253  -0.03244271   0.05445678  -0.08223405
   0.00004421  -0.00019452   0.00068079  -0.00200580   0.00512507  -0.01155459   0.02322115  -0.04182225   0.06759041  -0.09773271
   0.00006830  -0.00029370   0.00100327  -0.00288094   0.00716186  -0.01567615   0.03050529  -0.05301749   0.08230296  -0.11356185
   0.00010447  -0.00043879   0.00146209  -0.00408884   0.00988044  -0.02097272   0.03946072  -0.06605192   0.09822270  -0.12879155
   0.00015821  -0.00064867   0.00210692  -0.00573374   0.01345462  -0.02766158   0.05024106  -0.08081557   0.11475022  -0.14225355
   0.00023721  -0.00094883   0.00300203  -0.00794322   0.01808111  -0.03595562   0.06292647  -0.09702431   0.13103911  -0.15259180
   0.00035211  -0.00137322   0.00422905  -0.01086968   0.02397398  -0.04604329   0.07748726  -0.11418339   0.14599989  -0.15835533
   0.00051746  -0.00196636   0.00588974  -0.01469048   0.03135514  -0.05806260   0.09374489  -0.13156164   0.15833568  -0.15813497
   0.00075290  -0.00278574   0.00810846  -0.01960578   0.04043987  -0.07206946   0.11133413  -0.14818401   0.16661610  -0.15073832
   0.00108457  -0.00390444   0.01103390  -0.02583350   0.05141698  -0.08800206   0.12967162  -0.16285031   0.16939250  -0.13538923
   0.00154679  -0.00541376   0.01483965  -0.03360061   0.06442339  -0.10564359   0.14793734  -0.17418704   0.16535186  -0.11192920
   0.00218405  -0.00742578   0.01972297  -0.04312997   0.07951391  -0.12458740   0.16507590  -0.18073688   0.15349995  -0.08098998
   0.00305317  -0.01007547   0.02590129  -0.05462236   0.09662739  -0.14420937   0.17982474  -0.18108610   0.13335602  -0.04410225
   0.00422569  -0.01352220   0.03360552  -0.06823356   0.11555175  -0.16365353   0.19077465  -0.17402471   0.10513425  -0.00370538
   0.00579029  -0.01794989   0.04306979  -0.08404695   0.13589137  -0.18183724   0.19646542  -0.15872726   0.06988102   0.03697018
   0.00785525  -0.02356574   0.05451715  -0.10204265   0.15704110  -0.19748175   0.19551546  -0.13493555   0.02953565   0.07416141
   0.01055059  -0.03059671   0.06814085  -0.12206527   0.17817221  -0.20917267   0.18677890  -0.10311815  -0.01311467   0.10396554
   0.01402977  -0.03928336   0.08408162  -0.14379285   0.19823557  -0.21545236   0.16951750  -0.06457830  -0.05460579   0.12283447
   0.01847063  -0.04987069   0.10240137  -0.16671064   0.21598715  -0.21494241   0.14356948  -0.02148148  -0.09109733   0.12811267
   0.02407519  -0.06259548   0.12305474  -0.19009387   0.23003976  -0.20649022   0.10949199   0.02322090  -0.11878703   0.11853867
   0.03106810  -0.07767026   0.14586025  -0.21300399   0.23894285  -0.18932817   0.06865200   0.06598524  -0.13439937   0.09461942
   0.03969327  -0.09526385   0.17047355  -0.23430260   0.24128921  -0.16322971   0.02324121   0.10298547  -0.13568778   0.05879043
   0.05020837  -0.11547924   0.19636586  -0.25268678   0.23584402  -0.12864227  -0.02380458   0.13051855  -0.12187440   0.01529604
   0.06287708  -0.13832957   0.22281091  -0.26674782   0.22168739  -0.08677574  -0.06899165   0.14546619  -0.09394632  -0.03023691
   0.07795889  -0.16371368   0.24888390  -0.27505360   0.19835786  -0.03962538  -0.10855703   0.14575587  -0.05473596  -0.07150694
   0.09569650  -0.19139299   0.27347552  -0.27625199   0.16598124   0.01008730  -0.13884108   0.13075325  -0.00873730  -0.10244595
   0.11630100  -0.22097191   0.29532365  -0.26918998   0.12536719   0.05906508  -0.15670895   0.10151609   0.03835352  -0.11819509
   0.13993551  -0.25188392   0.31306382  -0.25303994   0.07805612   0.10367594  -0.15997242   0.06084950   0.08033800  -0.11598365
   0.16669765  -0.28338600   0.32529827  -0.22742205   0.02630166   0.14027063  -0.14775443   0.01312456   0.11137333  -0.09574064
   0.19660206  -0.31456330   0.33068132  -0.19251000  -0.02702135   0.16555068  -0.12073747  -0.03614586   0.12686625  -0.06029723
   0.22956396  -0.34434594   0.32801683  -0.14910617  -0.07858585   0.17694909  -0.08124460  -0.08094145   0.12425762  -0.01509873
   0.26538502  -0.37153903   0.31636151  -0.09867375  -0.12485228   0.17297802  -0.03311927  -0.11550747   0.10355305   0.03256999
   0.30374292  -0.39486580   0.29512602  -0.04331542  -0.16236295   0.15349549   0.01860491  -0.13516338   0.06748335   0.07474646
   0.34418582  -0.41302299   0.26416495   0.01430754  -0.18806589   0.11984713   0.06822281  -0.13702516   0.02123219   0.10415537
   0.38613293  -0.42474622   0.22384611   0.07111593  -0.19963597   0.07485014   0.11001250  -0.12052050  -0.02826039   0.11553408
   0.42888194  -0.42888194   0.17509032   0.12380755  -0.19575693   0.02260406   0.13894737  -0.08759725  -0.07333199   0.10666355
   0.47162383  -0.42446144   0.11937456   0.16909342  -0.17632855  -0.03186537   0.15136991  -0.04256733  -0.10681402   0.07888774
   0.51346491  -0.41077193   0.05869393   0.20395698  -0.14256806  -0.08309975   0.14552860   0.00841659  -0.12322906   0.03699028
   0.55345569  -0.38741898  -0.00451895   0.22591322  -0.09698464  -0.12578781   0.12189077   0.05819285  -0.11975741  -0.01158252
   0.59062523  -0.35437514  -0.06751409   0.23324238  -0.04321943  -0.15536450   0.08317201   0.09961713  -0.09678939  -0.05803322
   0.62401954  -0.31200977  -0.12737746   0.22517366   0.01424123  -0.16855468   0.03406078   0.12662920  -0.05794550  -0.09382611
   0.65274183  -0.26109673  -0.18120690   0.20199732   0.07045556  -0.16378900  -0.01933808   0.13519097  -0.00953875  -0.11229669
   0.67599230  -0.20279769  -0.22629762   0.16509027   0.12048138  -0.14143288  -0.07027369   0.12393963   0.04044512  -0.10994136
   0.69310513  -0.13862103  -0.26032227   0.11684801   0.15984925  -0.10379153  -0.11223059   0.09444142   0.08368149  -0.08712469
   0.70358007  -0.07035801  -0.28149065   0.06052561   0.18500170  -0.05488273  -0.13979830   0.05099400   0.11292383  -0.04805202
   0.70710678   0.00000000  -0.28867513   0.00000000   0.19364917   0.00000000  -0.14940358   0.00000000   0.12325166   0.00000000
   0.70358007   0.07035801  -0.28149065  -0.06052561   0.18500170   0.05488273  -0.13979830  -0.05099400   0.11292383   0.04805202
   0.69310513   0.13862103  -0.26032227  -0.11684801   0.15984925   0.10379153  -0.11223059  -0.09444142   0.08368149   0.08712469
   0.67599230   0.20279769  -0.22629762  -0.16509027   0.12048138   0.14143288  -0.07027369  -0.12393963   0.04044512   0.10994136
   0.65274183   0.26109673  -0.18120690  -0.20199732   0.07045556   0.16378900  -0.01933808  -0.13519097  -0.00953875   0.11229669
   0.62401954   0.31200977  -0.12737746  -0.22517366   0.01424123   0.16855468   0.03406078  -0.12662920  -0.05794550   0.09382611
   0.59062523   0.35437514  -0.06751409  -0.23324238  -0.04321943   0.15536450   0.08317201  -0.09961713  -0.09678939   0.05803322
   0.55345569   0.38741898  -0.00451895  -0.22591322  -0.09698464   0.12578781   0.12189077  -0.05819285  -0.11975741   0.01158252
   0.51346491   0.41077193   0.05869393  -0.20395698  -0.14256806   0.08309975   0.14552860  -0.00841659  -0.12322906  -0.03699028
   0.47162383   0.42446144   0.11937456  -0.16909342  -0.17632855   0.03186537   0.15136991   0.04256733  -0.10681402  -0.07888774
   0.42888194   0.42888194   0.17509032  -0.12380755  -0.19575693  -0.02260406   0.13894737   0.08759725  -0.07333199  -0.10666355
   0.38613293   0.42474622   0.22384611  -0.07111593  -0.19963597  -0.07485014   0.11001250   0.12052050  -0.02826039  -0.11553408
   0.34418582   0.41302299   0.26416495  -0.01430754  -0.18806589  -0.11984713   0.06822281   0.13702516   0.02123219  -0.10415537
   0.30374292   0.39486580   0.29512602   0.04331542  -0.16236295  -0.15349549   0.01860491   0.13516338   0.06748335  -0.07474646
   0.26538502   0.37153903   0.31636151   0.09867375  -0.12485228  -0.17297802  -0.03311927   0.11550747   0.10355305  -0.03256999
   0.22956396   0.34434594   0.32801683   0.14910617  -0.07858585  -0.17694909  -0.08124460   0.08094145   0.12425762   0.01509873
   0.19660206   0.31456330   0.33068132   0.19251000  -0.02702135  -0.16555068  -0.12073747   0.03614586   0.12686625   0.06029723
   0.16669765   0.28338600   0.32529827   0.22742205   0.02630166  -0.14027063  -0.14775443  -0.01312456   0.11137333   0.09574064
   0.13993551   0.25188392   0.31306382   0.25303994   0.07805612  -0.10367594  -0.15997242  -0.06084950   0.08033800   0.11598365
   0.11630100   0.22097191   0.29532365   0.26918998   0.12536719  -0.05906508  -0.15670895  -0.10151609   0.03835352   0.11819509
   0.09569650   0.19139299   0.27347552   0.27625199   0.16598124  -0.01008730  -0.13884108  -0.13075325  -0.00873730   0.10244595
   0.07795889   0.16371368   0.24888390   0.27505360   0.19835786   0.03962538  -0.10855703  -0.14575587  -0.05473596   0.07150694
   0.06287708   0.13832957   0.22281091   0.26674782   0.22168739   0.08677574  -0.06899165  -0.14546619  -0.09394632   0.03023691
   0.05020837   0.11547924   0.19636586   0.25268678   0.23584402   0.12864227  -0.02380458  -0.13051855  -0.12187440  -0.01529604
   0.03969327   0.09526385   0.17047355   0.23430260   0.24128921   0.16322971   0.02324121  -0.10298547  -0.13568778  -0.05879043
   0.03106810   0.07767026   0.14586025   0.21300399   0.23894285   0.18932817   0.06865200  -0.06598524  -0.13439937  -0.09461942
   0.02407519   0.06259548   0.12305474   0.19009387   0.23003976   0.20649022   0.10949199  -0.02322090  -0.11878703  -0.11853867
   0.01847063   0.04987069   0.10240137   0.16671064   0.21598715   0.21494241   0.14356948   0.02148148  -0.09109733  -0.12811267
   0.01402977   0.03928336   0.08408162   0.14379285   0.19823557   0.21545236   0.16951750   0.06457830  -0.05460579  -0.12283447
   0.01055059   0.03059671   0.06814085   0.12206527   0.17817221   0.20917267   0.18677890   0.10311815  -0.01311467  -0.10396554
   0.00785525   0.02356574   0.05451715   0.10204265   0.15704110   0.19748175   0.19551546   0.13493555   0.02953565  -0.07416141
   0.00579029   0.01794989   0.04306979   0.08404695   0.13589137   0.18183724   0.19646542   0.15872726   0.06988102  -0.03697018
   0.00422569   0.01352220   0.03360552   0.06823356   0.11555175   0.16365353   0.19077465   0.17402471   0.10513425   0.00370538
   0.00305317   0.01007547   0.02590129   0.05462236   0.09662739   0.14420937   0.17982474   0.18108610   0.13335602   0.04410225
   0.00218405   0.00742578   0.01972297   0.04312997   0.07951391   0.12458740   0.16507590   0.18073688   0.15349995   0.08098998
   0.00154679   0.00541376   0.01483965   0.03360061   0.06442339   0.10564359   0.14793734   0.17418704   0.16535186   0.11192920
   0.00108457   0.00390444   0.01103390   0.02583350   0.05141698   0.08800206   0.12967162   0.16285031   0.16939250   0.13538923
   0.00075290   0.00278574   0.00810846   0.01960578   0.04043987   0.07206946   0.11133413   0.14818401   0.16661610   0.15073832
   0.00051746   0.00196636   0.00588974   0.01469048   0.03135514   0.05806260   0.09374489   0.13156164   0.15833568   0.15813497
   0.00035211   0.00137322   0.00422905   0.01086968   0.02397398   0.04604329   0.07748726   0.11418339   0.14599989   0.15835533
   0.00023721   0.00094883   0.00300203   0.00794322   0.01808111   0.03595562   0.06292647   0.09702431   0.13103911   0.15259180
   0.00015821   0.00064867   0.00210692   0.00573374   0.01345462   0.02766158   0.05024106   0.08081557   0.11475022   0.14225355
   0.00010447   0.00043879   0.00146209   0.00408884   0.00988044   0.02097272   0.03946072   0.06605192   0.09822270   0.12879155
   0.00006830   0.00029370   0.00100327   0.00288094   0.00716186   0.01567615   0.03050529   0.05301749   0.08230296   0.11356185
   0.00004421   0.00019452   0.00068079   0.00200580   0.00512507   0.01155459   0.02322115   0.04182225   0.06759041   0.09773271
   0.00002833   0.00012749   0.00045685   0.00138009   0.00362133   0.00840062   0.01741253   0.03244271   0.05445678   0.08223405
   0.00001797   0.00008268   0.00030320   0.00093849   0.00252695   0.00602573   0.01286650   0.02476163   0.04308029   0.06774318
   0.00001129   0.00005306   0.00019903   0.00063081   0.00174159   0.00426520   0.00937161   0.01860352   0.03348680   0.05469816
   0.00000702   0.00003370   0.00012922   0.00041912   0.00118568   0.00297977   0.00673044   0.01376393   0.02559188   0.04332942
   0.00000432   0.00002118   0.00008298   0.00027529   0.00079747   0.00205500   0.00476712   0.01003178   0.01923956   0.03370100
   0.00000264   0.00001318   0.00005271   0.00017876   0.00052994   0.00139926   0.00333082   0.00720514   0.01423489   0.02575427
