                   50   1.2979999999999997E-003
                  100   8.8669999999999999E-003
                  150   1.2459000000000001E-002
                  200   2.8041999999999997E-002
                  250   5.4451000000000013E-002
                  300   9.3534999999999979E-002
                  350  0.14808099999999999     
                  400  0.22046699999999997     
                  450  0.31409300000000001     
                  500  0.42944600000000011     
                  550  0.57112400000000008     
                  600  0.74017400000000011     
                  650  0.94181000000000026     
                  700   1.1742809999999999     
                  750   1.4459339999999998     
                  800   1.7527789999999999     
                  850   2.1048420000000005     
                  900   2.4942039999999999     
                  950   2.9325219999999996     
