                   50   2.6900000000000014E-004
                  100   6.7400000000000099E-004
                  150   7.6200000000000226E-004
                  200   1.1679999999999954E-003
                  250   2.0799999999999985E-003
                  300   3.4939999999999971E-003
                  350   5.2159999999999984E-003
                  400   7.1309999999999985E-003
                  450   9.9100000000000299E-003
                  500   1.3263999999999943E-002
                  550   1.8878999999999979E-002
                  600   2.3541000000000034E-002
                  650   3.0801999999999996E-002
                  700   3.6246000000000000E-002
                  750   4.5063999999999993E-002
                  800   5.5105000000000182E-002
                  850   6.5488999999999908E-002
                  900   7.5795999999999975E-002
                  950   8.8476999999999251E-002
