                   50   2.7439999999999999E-003
                  100   1.6376999999999999E-002
                  150   2.6412999999999999E-002
                  200   4.1498000000000000E-002
                  250   8.1536999999999998E-002
                  300  0.13029200000000002     
                  350  0.21992999999999999     
                  400  0.30712499999999998     
                  450  0.46778300000000000     
                  500  0.61105399999999999     
                  550  0.85719799999999990     
                  600   1.0353899999999998     
                  650   1.4216139999999999     
                  700   1.6658370000000000     
                  750   2.1985030000000001     
                  800   2.8563410000000000     
                  850   3.4257740000000001     
                  900   3.9585170000000001     
                  950   5.2102750000000002     
