  325.3941462
   61.4460425
   22.0963699
   11.1229521
    4.2384398
    1.8430523
    1.1284006
    0.8234178
    0.2800101
    0.5230344
    0.5364624
    0.2962455
    0.4763422
    0.3230391
    0.2073967
    0.3142166
    0.3503814
    0.3538541
    0.3547864
    0.1583494
    0.3669846
    0.3004105
    0.3354484
    0.2316960
    0.3088323
    0.1387923
    0.2579399
    0.2561491
    0.3746211
    0.2225045
    0.2213974
    0.1576172
    0.3125069
    0.2160779
    0.2285673
    0.1968891
    0.0715774
    0.1311574
    0.3507688
    0.2320836
    0.3461906
    0.1085712
    0.2661052
    0.1217142
    0.3487214
    0.0804607
    0.3220026
    0.1810205
    0.2360186
    0.2445054
    0.2527742
    0.2962844
    0.1020718
    0.1154310
    0.2426840
    0.0834238
    0.5376393
    0.1618448
    0.0740628
    0.2301713
    0.1867596
    0.1549149
    0.2753033
    0.0740379
    0.1183622
    0.1098728
    0.1255570
    0.1103065
    0.1587771
    0.2834328
    0.1927342
    0.3762037
    0.1098650
    0.0743425
    0.2063008
    0.1732569
    0.2926598
    0.0840322
    0.1582400
    0.1175928
    0.3392694
    0.1143825
    0.1976085
    0.1207980
    0.0879013
    0.2392523
    0.1383667
    0.0503296
    0.1957132
    0.1633358
    0.3582420
    0.1025247
    0.1506033
    0.2889309
    0.1897395
    0.0546646
    0.2202079
    0.1115852
    0.1370038
    0.1973246
    0.2030384
    0.1031592
    0.1821127
    0.0979660
    0.1589658
    0.2141477
    0.1548886
    0.1442831
    0.0460927
    0.2541935
    0.0485389
    0.1499837
    0.1876572
    0.1149865
    0.0687854
    0.2271668
    0.0995595
    0.2139120
    0.1756103
    0.1692962
    0.1009472
    0.1821890
    0.0681310
    0.1688491
    0.1137303
    0.2277549
    0.1125484
    0.2606619
    0.0797622
    0.2335838
    0.1770878
    0.1703922
    0.0762195
    0.1559646
    0.2143800
    0.1283368
    0.0405122
    0.2091897
    0.1538041
    0.1452626
    0.0920640
    0.1150702
    0.1755221
    0.1313926
    0.1964890
    0.0691982
    0.1920110
    0.1279093
    0.1416184
    0.2692457
    0.0487413
    0.2035973
    0.1523780
    0.0867999
    0.1703168
    0.1572724
    0.1407247
    0.1096387
    0.1488510
    0.1575928
    0.1100735
    0.1375207
    0.1003414
    0.1850462
    0.1082284
    0.1094054
    0.1637039
    0.0997544
    0.1643592
    0.2591223
    0.1095604
    0.0875987
    0.1182715
    0.0711973
    0.1957624
    0.0492943
    0.1392922
    0.1923096
    0.1438496
    0.1543147
    0.1008045
    0.1747471
    0.0924765
    0.0773145
    0.1553856
    0.2071869
    0.1752672
    0.0471257
    0.0628589
    0.2073443
    0.0932557
    0.0226479
    0.3180415
    0.1277130
    0.1367818
    0.0950171
    0.1041587
    0.1619623
    0.1438265
    0.1180869
    0.2107773
    0.0795819
    0.1719812
    0.1165160
    0.0642163
    0.2263354
    0.0810879
    0.1716426
    0.1175050
    0.1186872
    0.1508499
    0.0814053
    0.1807044
    0.2194679
    0.1179780
    0.1262069
    0.0260675
    0.2645584
    0.0680798
    0.1079028
    0.2323372
    0.0496437
    0.0842378
    0.1372226
    0.0955719
    0.1288757
    0.1732314
    0.1127963
    0.0712316
    0.2292493
    0.1146557
    0.1264558
    0.1002591
    0.2001644
    0.1182990
    0.0367037
    0.2505667
    0.1194884
    0.1445165
    0.1575815
    0.1361301
    0.1179601
    0.0996583
    0.0432089
    0.2046169
    0.0491076
    0.1581773
    0.1664265
    0.0462029
    0.1880703
    0.1278141
    0.0390137
    0.1140509
    0.1687465
    0.1429777
    0.0955241
    0.0654234
    0.1990329
    0.0756111
    0.0335711
    0.2893759
    0.1441075
    0.0239889
    0.1938072
    0.0829833
    0.1149477
    0.1380089
    0.1474817
    0.2343600
    0.0837438
    0.1471693
    0.0504343
    0.1796004
    0.0792490
    0.1272845
    0.1504064
    0.1027311
    0.1359089
    0.1013013
    0.0914576
    0.0905602
    0.1357140
    0.1621440
    0.1036447
    0.2389300
    0.0339569
    0.1022240
    0.0923715
    0.1220816
    0.1198241
    0.1809918
    0.0828029
    0.1426112
    0.1141302
    0.0413608
    0.1265895
    0.2263313
    0.0441397
    0.0307039
    0.1366881
    0.1746832
    0.0897514
    0.1619527
    0.1148619
    0.0902725
    0.1362349
    0.1100723
    0.0623445
    0.1872297
    0.1375479
    0.1109821
    0.0849146
    0.0810354
    0.0659459
    0.2118144
    0.0838596
    0.2178865
    0.0619252
    0.1641294
    0.1073029
    0.1286642
    0.1187471
    0.0542387
    0.1545284
    0.2161180
    0.0860168
    0.0481321
    0.1863495
    0.0473238
    0.1168689
    0.1939965
    0.1139484
    0.1004160
    0.2196304
    0.0482715
    0.1432223
    0.0980650
    0.2384017
    0.1159881
    0.0206672
    0.1518804
    0.2100682
    0.0868531
    0.0674498
    0.1411849
    0.1130741
    0.0390816
    0.1135943
    0.0671768
    0.1560784
    0.1369087
    0.0435948
    0.1801630
    0.1344368
    0.1442797
    0.0987185
    0.0624098
    0.1093726
    0.1403743
    0.1053936
    0.0594994
    0.1601530
    0.1432874
    0.0998683
    0.1527257
    0.1307455
    0.0615076
    0.0524559
    0.0999766
    0.1249132
    0.1021972
    0.0564268
    0.1357493
    0.1456803
    0.1476685
    0.0888320
    0.1399588
    0.2172478
    0.0794727
    0.0452347
    0.2331989
    0.0849589
    0.1174610
    0.0556026
    0.1104710
    0.0456851
    0.1577522
    0.1339884
    0.1102603
    0.1014018
    0.0951513
    0.0815653
    0.1236575
    0.2296305
    0.0908140
    0.0946380
    0.1474109
    0.1154618
    0.0835536
    0.1419132
    0.1244551
    0.1413803
    0.0717589
    0.2022360
    0.1493598
    0.1810882
    0.0473220
    0.1577926
    0.1298629
    0.0297384
    0.1045791
    0.1112414
    0.0645673
    0.1226340
    0.1423480
    0.0726810
    0.1486258
    0.1533856
    0.0865455
    0.0775109
    0.1736489
    0.1108864
    0.1625324
    0.1565309
    0.0395589
    0.1041241
    0.1732185
    0.0923628
    0.1171318
    0.0830848
    0.1426056
    0.1203395
    0.1102259
    0.1486321
    0.0452646
    0.1834100
    0.0931656
    0.1707241
    0.0529746
    0.0657756
    0.1541861
    0.1052915
    0.0591756
    0.2056052
    0.0921541
    0.1294809
    0.1164796
    0.1887985
    0.1630196
    0.1085205
    0.0540292
    0.1020773
    0.0492646
    0.1843069
    0.0398333
    0.1245376
    0.1189589
    0.1358655
    0.0824465
    0.1340060
    0.1210957
    0.1785839
    0.0656317
    0.1622380
    0.1924985
    0.1105469
    0.0250240
    0.0938535
    0.1631766
    0.0831094
    0.0769111
    0.1003140
    0.1238629
    0.0853013
    0.0906805
    0.1187913
    0.1081372
    0.1117368
    0.1083365
    0.1206974
    0.0865222
    0.1367004
    0.0969975
    0.0970337
    0.1107962
    0.1171519
    0.2393576
    0.0705961
    0.0592177
    0.1797651
    0.0983228
    0.0458062
    0.1141906
    0.1428225
    0.1505326
    0.0851684
    0.0636156
    0.1637063
    0.1430409
    0.0811986
    0.1870862
    0.0955769
    0.1022678
    0.0956549
    0.0964815
    0.1081786
    0.1229036
    0.0937780
    0.0507436
    0.1676619
    0.0739833
    0.0563710
    0.2074317
    0.0806132
    0.1793835
    0.0791952
    0.1452564
    0.0241723
    0.1489813
    0.1099783
    0.1392755
    0.1263703
    0.1112112
    0.0202743
    0.2192720
    0.1007410
    0.1159113
    0.0949930
    0.1728890
    0.0877606
    0.1491359
    0.1293717
    0.1342828
    0.2185592
    0.0505893
    0.1003998
    0.1232359
    0.0415407
    0.1476405
    0.0891734
    0.1372897
    0.1289095
    0.0568560
    0.0676500
    0.1511098
    0.0576336
    0.1887517
    0.0716589
    0.0673851
    0.1350618
    0.2133633
    0.1401515
    0.0868448
    0.0931820
    0.1168819
    0.0612320
    0.1830769
    0.0565387
    0.0998355
    0.1857742
    0.1598565
    0.0682560
    0.0777441
    0.1141764
    0.0948391
    0.1346911
    0.1480713
    0.1065095
    0.1026038
    0.1476866
    0.0832421
    0.1168267
    0.0674679
    0.1063564
    0.1369011
    0.1550480
    0.1181427
    0.1248374
    0.0596103
    0.1922696
    0.0946201
    0.0509672
    0.0649736
    0.2036243
    0.1676287
    0.0421623
    0.1249631
    0.1119027
    0.1734797
    0.1308626
    0.0970291
    0.1537894
    0.0450476
    0.1285606
    0.1340297
    0.0561089
    0.0665982
    0.1722597
    0.1098492
    0.1564939
    0.1223685
    0.1014936
    0.0874386
    0.1057468
    0.2787346
    0.1202975
    0.0627212
    0.0671841
    0.1314242
    0.1809187
    0.0967898
    0.0626535
    0.1417035
    0.0980356
    0.1212723
    0.1998229
    0.0199691
    0.1543436
    0.1451211
    0.1050856
    0.1616623
    0.0771773
    0.0861092
    0.1761448
    0.0845614
    0.0710773
    0.1038681
    0.1351820
    0.1587507
    0.1369975
    0.0498575
    0.1172586
    0.1848811
    0.1073222
    0.0645219
    0.1070038
    0.1568429
    0.2355988
    0.1227448
    0.1316280
    0.1095060
    0.1147660
    0.1152923
    0.0864064
    0.1693997
    0.0739411
    0.1044193
    0.0735239
    0.0438918
    0.1290831
    0.0620443
    0.0648438
    0.1837172
    0.1798577
    0.1248476
    0.0909754
    0.1548246
    0.1481039
    0.0452269
    0.1026424
    0.1453564
    0.0660974
    0.1746521
    0.2950575
    0.0608525
    0.0874914
    0.0436814
    0.1178042
    0.1372807
    0.0444766
    0.1552420
    0.0730936
    0.2963987
    0.0866906
    0.0901862
    0.1621999
    0.1228341
    0.1759406
    0.1161654
    0.0668061
    0.0956719
    0.1207520
    0.1442790
    0.1348746
    0.0335424
    0.1521546
    0.1114265
    0.0854899
    0.0924959
    0.1413818
    0.1075630
    0.2363659
    0.0295686
    0.1592356
    0.0957435
    0.0975186
    0.0806127
    0.2249431
    0.1215772
    0.1264539
    0.0824083
    0.1295779
    0.1002190
    0.2672643
    0.1045482
    0.1312944
    0.0601244
    0.0750553
    0.1363215
    0.1502879
    0.1161429
    0.0994311
    0.0841353
    0.0868178
    0.0637387
    0.1482322
    0.0734403
    0.2072099
    0.1822098
    0.1293793
    0.0894690
    0.0548009
    0.0785597
    0.1266053
    0.1082914
    0.3906801
    0.0821721
    0.1026435
    0.1428244
    0.1105520
    0.0821509
    0.1450357
    0.0577933
    0.1839488
    0.0794832
    0.1111612
    0.1695498
    0.1038130
    0.1832624
    0.0959167
    0.0337877
    0.1607909
    0.0512688
    0.1400505
    0.1308967
    0.1200616
    0.1998280
    0.1478976
    0.1145376
    0.1582903
    0.0770834
    0.1618734
    0.1468870
    0.1170958
    0.0888777
    0.0435808
    0.1742146
    0.1618356
    0.0839227
    0.1741952
    0.1432611
    0.0491854
    0.1116283
    0.1424371
    0.1405729
    0.0697853
    0.1930840
    0.1753681
    0.1595060
    0.1338166
    0.0850596
    0.0221532
    0.2823282
    0.0468067
    0.1416400
    0.1808051
    0.1117756
    0.0677773
    0.1507126
    0.0788356
    0.0981762
    0.1435871
    0.1257087
    0.1363102
    0.1922603
    0.1323266
    0.1565816
    0.0899852
    0.1335813
    0.1538785
    0.0962152
    0.1498347
    0.0761238
    0.2264846
    0.0299455
    0.1712577
    0.1246655
    0.0533330
    0.1099429
    0.3185564
    0.0374872
    0.1009271
    0.1310723
    0.1818464
    0.0697694
    0.2307830
    0.1506317
    0.1429457
    0.1138648
    0.0430451
    0.1374132
    0.1506336
    0.2072351
    0.1485975
    0.0496045
    0.1714156
    0.1020170
    0.2889793
    0.1047224
    0.0757111
    0.2151134
    0.0989907
    0.0933287
    0.1357736
    0.1103552
    0.1015649
    0.1690384
    0.0800631
    0.1298479
    0.2741512
    0.0774733
    0.1022755
    0.2749518
    0.1473154
    0.0862764
    0.0752380
    0.2562246
    0.0817922
    0.1521217
    0.1165318
    0.1135446
    0.1399426
    0.1004770
    0.1682373
    0.1976729
    0.0481086
    0.1833407
    0.0693994
    0.2131980
    0.0759349
    0.2300169
    0.1090862
    0.1413145
    0.1531744
    0.0659321
    0.2811915
    0.0959268
    0.1467173
    0.1906875
    0.1311541
    0.1491731
    0.0592394
    0.1709237
    0.1599553
    0.0707755
    0.1242293
    0.2656163
    0.1252371
    0.2693605
    0.0700538
    0.1759053
    0.0567710
    0.1631005
    0.1532509
    0.3131410
    0.1766509
    0.1113010
    0.0251721
    0.1680892
    0.1257696
    0.2028375
    0.1897551
    0.0162167
    0.2353485
    0.1797434
    0.1166194
    0.1797611
    0.0594063
    0.1415766
    0.2364613
    0.1607432
    0.0653184
    0.1493130
    0.1173476
    0.1195218
    0.2915990
    0.2800819
    0.1240539
    0.1825952
    0.1126767
    0.2753310
    0.1298071
    0.1403921
    0.1270384
    0.1220722
    0.2466772
    0.0830805
    0.0908730
    0.2518623
    0.0498442
    0.1631916
    0.1871402
    0.1617265
    0.2738233
    0.0824651
    0.1488848
    0.2566486
    0.1483499
    0.1948503
    0.1233123
    0.2165135
    0.0910043
    0.2908821
    0.1618303
    0.1278726
    0.1091907
    0.2409024
    0.1504614
    0.2039121
    0.1238220
    0.0988801
    0.3124457
    0.0742231
    0.0800396
    0.3820324
    0.1996908
    0.2219199
    0.1680857
    0.1403320
    0.2248279
    0.1770198
    0.2962858
    0.1824341
    0.1913200
    0.1114504
    0.2426720
    0.2050895
    0.1022692
    0.3291377
    0.0515400
    0.1131262
    0.2333431
    0.1550011
    0.3321300
    0.1627146
    0.1475321
    0.1014395
    0.2827507
    0.1413636
    0.1192966
    0.2735272
    0.1928777
    0.2722662
    0.3019810
    0.1125395
    0.2668651
    0.5104611
    0.0697088
    0.3275917
    0.2448400
    0.1600620
    0.2766225
    0.4413327
    0.2169364
    0.2220995
    0.2308996
    0.2072826
    0.3405085
    0.2721186
    0.5514076
    0.1908944
    0.3494249
    0.2402840
    0.4219822
    0.0827232
    0.3003250
    0.3892514
    0.4751146
    0.2327308
    0.4190210
    0.2515194
    0.9503577
    0.6025249
    2.8806310
    4.7241431
    9.5988649
   23.7135763
   59.0676307
  329.0647991
